0.39070555567741394
0.3960541784763336
0.2767537534236908
0.08570752292871475
0.04670907184481621
0.02698531001806259
0.020583098754286766
0.021100526675581932
0.020469872280955315
0.027046551927924156
0.0298384428024292
0.02370179258286953
0.022648783400654793
0.01965457759797573
0.018882032483816147
0.01954508200287819
0.01610875129699707
0.017119046300649643
0.014395196922123432
0.012611514888703823
0.010110043920576572
0.008652624674141407
0.008974222466349602
0.007864128798246384
0.010997100733220577
0.010002965107560158
0.008084168657660484
0.0073931352235376835
0.007095165550708771
0.008921526372432709
0.007883930578827858
0.007585699670016766
0.0067955912090837955
0.006550655700266361
0.006390564143657684
0.007032827474176884
0.006037165876477957
0.005916740279644728
0.00597385223954916
0.005740559659898281
0.006417013239115477
0.005657356698065996
0.007167212199419737
0.007262638304382563
0.007587966043502092
0.00669494504109025
0.005923304241150618
0.006144995801150799
0.005524457432329655
0.005979079753160477
0.0058118500746786594
0.005440223962068558
0.005598313640803099
0.005619917530566454
0.005951018538326025
0.005644436925649643
0.004854669328778982
0.0053102304227650166
0.006082278210669756
0.005003743804991245
0.005452970042824745
0.0051434761844575405
0.005985847674310207
0.005671236198395491
0.005107979755848646
0.005365798715502024
0.005368818994611502
0.0055665369145572186
0.0052975802682340145
0.006206634920090437
0.009905152954161167
0.005771047901362181
0.005284879356622696
0.005664978642016649
0.006115405820310116
0.004615679383277893
0.005602752789855003
0.006608692929148674
0.00447583943605423
0.0045768097043037415
0.005835017655044794
0.0051962328143417835
0.0055243102833628654
0.004238192457705736
0.005012450274080038
0.005332421511411667
0.005787201691418886
0.004725253209471703
0.005815702024847269
0.005021574907004833
0.005487756337970495
0.005447865929454565
0.00482413312420249
0.004672410432249308
0.00543785048648715
0.005008269101381302
0.004666246473789215
0.004898977931588888
0.004616148769855499
0.0046983752399683
0.005721439141780138
0.005415895953774452
0.004439882934093475
0.007130393758416176
0.005252113100141287
0.0050476109609007835
0.00460535055026412
0.006100526079535484
0.005196292418986559
0.005610643420368433
0.005039014387875795
0.005201516207307577
0.005725512746721506
0.004457657225430012
0.004875447601079941
0.0048016635701060295
0.004619996529072523
0.00436608400195837
0.00510548148304224
0.0056175366044044495
0.004330629948526621
0.004804190248250961
0.003984665498137474
0.004528115503489971
0.005411110352724791
0.004511772654950619
0.005270588677376509
0.004505038261413574
0.004840028937906027
0.004643809981644154
0.004661053419113159
0.004382667131721973
0.00497822230681777
0.00546530494466424
0.004045009147375822
0.0037575121968984604
0.004357250407338142
0.0037244379054754972
0.00445152074098587
0.0045690773986279964
0.004128186497837305
0.003952474799007177
0.00530273700132966
0.004015758633613586
0.0045258705504238605
0.004674882162362337
0.003709620563313365
0.004181394819170237
0.004267378244549036
0.004213566426187754
0.004102309700101614
0.003833642229437828
0.004390542861074209
0.005202665459364653
0.0037852590903639793
0.004867885261774063
0.004771646577864885
0.004714903421700001
0.004413668531924486
0.005180719308555126
0.00416171969845891
0.004476669244468212
0.004016083665192127
0.003872772678732872
0.0038887453265488148
0.00534839928150177
0.004553504753857851
0.004495842847973108
0.004997944924980402
0.004405173007398844
0.004149280488491058
0.003929831553250551
0.003874398535117507
0.004765396472066641
0.004106623586267233
0.003991189878433943
0.005889322608709335
0.00569958845153451
0.003880326868966222
0.004200738854706287
0.0040311082266271114
0.0037731435149908066
0.0038990185130387545
0.005032356828451157
0.003679700894281268
0.0037771943025290966
0.004021745175123215
0.0044887736439704895
0.0042020464316010475
0.004249300342053175
0.004715442191809416
0.004117053002119064
0.004309737589210272
0.004001745488494635
0.004081606399267912
0.0034886824432760477
0.004749685060232878
0.0035658807028084993
0.003748886287212372
0.004079527221620083
0.004677823279052973
0.004088446963578463
0.0043021212331950665
0.004034271463751793
0.004756654147058725
0.00387922627851367
0.0039240093901753426
0.0037671364843845367
0.0039896536618471146
0.0037974598817527294
0.004206092096865177
0.003797774901613593
0.006447975058108568
0.003599378978833556
0.004200746305286884
0.003297431394457817
0.003988513723015785
0.0038415356539189816
0.0032268837094306946
0.004542240407317877
0.004149332642555237
0.004351286683231592
0.004679257050156593
0.0038048219867050648
0.005151066463440657
0.003498092759400606
0.0037047916557639837
0.0034405230544507504
0.0035311426036059856
0.0036274483427405357
0.0039331852458417416
0.0033208962995558977
0.0037313601933419704
0.003700762055814266
0.003432153956964612
0.0031774044036865234
0.003429957665503025
0.004848124925047159
0.0038082520477473736
0.0035212705843150616
0.00420788349583745
0.003256415482610464
0.0036017880775034428
0.003650372615084052
0.004239021800458431
0.004637766629457474
0.003714758437126875
0.004480514209717512
0.004504233133047819
0.0037653716281056404
0.004658434074372053
0.003963147755712271
0.0033476075623184443
0.003603727323934436
0.0035591996274888515
0.00307592935860157
0.0029313121922314167
0.0032042390666902065
0.0031868042424321175
0.005381539463996887
0.0037518348544836044
0.004949708003550768
0.003861270612105727
0.004494381137192249
0.004768359940499067
0.0038286426570266485
0.004567743744701147
0.003764165798202157
0.004345191642642021
0.0031789294444024563
0.003603079356253147
0.003999697044491768
0.0031573334708809853
0.0045535266399383545
0.006007298827171326
0.003898333292454481
0.003583529032766819
0.0032274469267576933
0.0037207554560154676
0.004312778823077679
0.004633491393178701
0.0033644423820078373
0.004232826177030802
0.006999117322266102
0.0034914538264274597
0.00375022878870368
0.003249891335144639
0.0032637750264257193
0.00353808281943202
0.004418725613504648
0.004438634496182203
0.003661311697214842
0.00428882846608758
0.0030790565069764853
0.003344242461025715
0.003938209731131792
0.004036682657897472
0.0035631218925118446
0.004044994246214628
0.004054764285683632
0.0035783632192760706
0.0033192464616149664
0.0031906142830848694
0.0031449401285499334
0.004107851535081863
0.0034657330252230167
0.0030338186770677567
0.0030985521152615547
0.003379857400432229
0.0031261241529136896
0.0027552410028874874
0.0030290037393569946
0.003366482676938176
0.0029101374093443155
0.0038004983216524124
0.0032099962700158358
0.004346448462456465
0.0031668110750615597
0.003876275150105357
0.003186039160937071
0.003130080411210656
0.0035273213870823383
0.003299701027572155
0.004473803099244833
0.0040930272080004215
0.003308105980977416
0.003545517334714532
0.003799122292548418
0.003970439080148935
0.0033012372441589832
0.0030685709789395332
0.0037647965364158154
0.0036448973696678877
0.003112268168479204
0.0029185423627495766
0.004080035723745823
0.003544325940310955
0.0033679534681141376
0.0032915957272052765
0.004213326144963503
0.0030303047969937325
0.0031710141338407993
0.0036763809621334076
0.003015882335603237
0.0030835228972136974
0.0030075320973992348
0.0029862551018595695
0.003477170132100582
0.003405874827876687
0.003445393405854702
0.0033006693702191114
0.0030558863654732704
0.0028252711053937674
0.0026918386574834585
0.004414394963532686
0.003818260505795479
0.0038765878416597843
0.003440308850258589
0.002910554874688387
0.003914824686944485
0.0035335717257112265
0.0025606676936149597
0.002674628281965852
0.0031973645091056824
0.003273886861279607
0.0030393926426768303
0.0039985291659832
0.0037050233222544193
0.003716573351994157
0.0032405240926891565
0.0028937356546521187
0.004231415223330259
0.0029592968057841063
0.0029810257256031036
0.002948548411950469
0.003366549499332905
0.004729472100734711
0.003150316420942545
0.0030953416135162115
0.0033971965312957764
0.0031736420933157206
0.003755225334316492
0.0033129462972283363
0.0029512217734009027
0.0031006354838609695
0.0030100238509476185
0.004081063903868198
0.0029528052546083927
0.0026247494388371706
0.00288078049197793
0.003200748935341835
0.0036633682902902365
0.003856987925246358
0.003506029024720192
0.004302415065467358
0.004346004221588373
0.0038880296051502228
0.003137192688882351
0.0042867958545684814
0.003195028053596616
0.0032344406936317682
0.0033796639181673527
0.00371777662076056
0.0031026413198560476
0.0033504758030176163
0.0031729566399008036
0.0031942022033035755
0.002819113666191697
0.003776929108425975
0.00384090980514884
0.0035213481169193983
0.004357810597866774
0.003555373288691044
0.0029443190433084965
0.0032837491016834974
0.0031075207516551018
0.003706551156938076
0.0038497070781886578
0.0029990351758897305
0.0035723706241697073
0.0038375812582671642
0.005100608803331852
0.003912333864718676
0.0034528980031609535
0.002965181600302458
0.0052337972447276115
0.0038860379718244076
0.004718948155641556
0.0035143643617630005
0.0027259443886578083
0.0039003249257802963
0.0034154171589761972
0.003168073482811451
0.003843586193397641
0.0037785926833748817
0.0032044812105596066
0.0033700375352054834
0.0029872835148125887
0.004436249379068613
0.002843483816832304
0.0031255469657480717
0.003281297395005822
0.0027089945506304502
0.0036685885861516
0.004219201393425465
0.003465850604698062
0.0034441559109836817
0.0029438415076583624
0.003208690322935581
0.0027817697264254093
0.003962884657084942
0.003132469253614545
0.0036051522474735975
0.0030840320978313684
0.0036314972676336765
0.0030210099648684263
0.003343351650983095
0.003936244640499353
0.003216697834432125
0.0034115370362997055
0.0025270567275583744
0.004863613750785589
0.003665556199848652
0.002877430757507682
0.0035564301069825888
0.00311156059615314
0.0033002886921167374
0.00291838520206511
0.002910778159275651
0.0028439124580472708
0.004232950508594513
0.003837457625195384
0.003517233533784747
0.003406714415177703
0.0039040979463607073
0.0031025898642838
0.0033022707793861628
0.0030594617128372192
0.0033029206097126007
0.0031266515143215656
0.0034244817215949297
0.003494581673294306
0.003420445369556546
0.0033648384269326925
0.0026071984320878983
0.0027328680735081434
0.0026728282682597637
0.00279466575011611
0.0027786390855908394
0.002887209178879857
0.003067552810534835
0.00369612080976367
0.0037924095522612333
0.0034640957601368427
0.0034411500673741102
0.0027905022725462914
0.005690031684935093
0.003721168264746666
0.003822354367002845
0.0026566421147435904
0.002968253567814827
0.004110611509531736
0.002718096598982811
0.003117223968729377
0.003307174425572157
0.002861485118046403
0.0031785794999450445
0.003524970496073365
0.002825462957844138
0.003572640707716346
0.003125149756669998
0.003193525830283761
0.003242261242121458
0.0026426103431731462
0.003367194440215826
0.0035958802327513695
0.003635603003203869
0.0025809535291045904
0.003046279074624181
0.003578459145501256
0.0026321050245314837
0.0028892946429550648
0.002880561864003539
0.0026744611095637083
0.0036313615273684263
0.0041928887367248535
0.0036010800395160913
0.00271399668417871
0.0053511736914515495
0.0030471859499812126
0.0038920650258660316
0.0030065116006881
0.002783751580864191
0.0028199604712426662
0.0028183492831885815
0.0029937506187707186
0.004090222995728254
0.0030888780020177364
0.003343871096149087
0.0029016046319156885
0.0028669133316725492
0.0033531738445162773
0.002999203046783805
0.0033438997343182564
0.0033646197989583015
0.003121750196442008
0.00284572527743876
0.002924162894487381
0.004215505439788103
0.003088792786002159
0.003090119455009699
0.0031450644601136446
0.002924830885604024
0.003171824850142002
0.0028070793487131596
0.0028296574018895626
0.0033613245468586683
0.0030028584878891706
0.004786978010088205
0.0022497992031276226
0.0024542200844734907
0.002729393308982253
0.0027814642526209354
0.0037920293398201466
0.002394345123320818
0.0029103222768753767
0.0026224541943520308
0.003421822562813759
0.003999358508735895
0.003887473838403821
0.003323925659060478
0.004004612565040588
0.003949829842895269
0.003305342746898532
0.0030498814303427935
0.003886684775352478
0.0035539385862648487
0.0034630591981112957
0.003965068142861128
0.003696554573252797
0.002693919697776437
0.0033189808018505573
0.003048180602490902
0.0036694491282105446
0.004338541999459267
0.003688422031700611
0.002862396650016308
0.0038554458878934383
0.0036740158684551716
0.004472481552511454
0.004577009938657284
0.003340092720463872
0.003298415569588542
0.0031791278161108494
0.0038094709161669016
0.003439609194174409
0.0036572739481925964
0.0033397150691598654
0.0026983460411429405
0.003257319563999772
0.0034533035941421986
0.0029425444081425667
0.0031217311043292284
0.003049107501283288
0.0037382340524345636
0.003214980009943247
0.0035049081780016422
0.0029570956248790026
0.004540554713457823
0.002880154177546501
0.0026981765404343605
0.0030206867959350348
0.0027912480290979147
0.0031234961934387684
0.002628888003528118
0.0038625849410891533
0.003267098916694522
0.002924474887549877
0.0036319815553724766
0.00269323936663568
0.0027454665396362543
0.002657331293448806
0.002938465913757682
0.002221501199528575
0.0030616559088230133
0.0029653089586645365
0.0025417222641408443
0.003273322246968746
0.0026059795636683702
0.002557559637352824
0.0024738970678299665
0.0027229832485318184
0.0023240915033966303
0.002679852768778801
0.0033346188720315695
0.0024547730572521687
0.003461480140686035
0.002128784777596593
0.0034817177802324295
0.002531575970351696
0.0025940032210201025
0.002370399422943592
0.0025775388348847628
0.0030622093472629786
0.0033723018132150173
0.0025741453282535076
0.003004225669428706
0.0037465300410985947
0.003481135470792651
0.0032641575671732426
0.00400934461504221
0.0029971934854984283
0.0028427094221115112
0.0034251518081873655
0.0037717600353062153
0.0034807787742465734
0.004014302976429462
0.0031507122330367565
0.002788181882351637
0.003834170987829566
0.004520843271166086
0.0030749221332371235
0.0035141119733452797
0.004371630027890205
0.0033282532822340727
0.002937872428447008
0.0028209828305989504
0.003681956324726343
0.004493286833167076
0.003992593381553888
0.0037116811145097017
0.0027476202230900526
0.0029203647281974554
0.0030783500988036394
0.0027276300825178623
0.0035037158522754908
0.0024712574668228626
0.003804407548159361
0.003896741196513176
0.002970437752082944
0.005654649809002876
0.003417600877583027
0.002510741585865617
0.0034855043049901724
0.0029888865537941456
0.003918166272342205
0.003168200608342886
0.004849953576922417
0.003454536898061633
0.003429005155339837
0.0032450531143695116
0.0027347691357135773
0.0027802702970802784
0.002893448108807206
0.003542704274877906
0.004213927313685417
0.004321770742535591
0.003111896337941289
0.0029215842951089144
0.0033829936292022467
0.002531405072659254
0.0028820873703807592
0.0034192432649433613
0.0031288713216781616
0.0035696711856871843
0.0033188576344400644
0.0028057144954800606
0.003093777457252145
0.003112953621894121
0.00228490331210196
0.003476379904896021
0.0030401935800909996
0.0034174860920757055
0.002663468709215522
0.0033398251980543137
0.0026913548354059458
0.0033040668349713087
0.002830331912264228
0.002678247634321451
0.0033748974092304707
0.002765592886134982
0.0032099394593387842
0.0030724371317774057
0.0028492482379078865
0.003069152357056737
0.0026375041343271732
0.0028392185922712088
0.002772002248093486
0.0025713974609971046
0.0026026845443993807
0.002912533702328801
0.0032139793038368225
0.00237844604998827
0.002981385448947549
0.0035017491318285465
0.00229707732796669
0.0030840744730085135
0.0028026646468788385
0.003005894599482417
0.002926925662904978
0.002942371880635619
0.0026160459965467453
0.002724661258980632
0.0027328587602823973
0.0034540516790002584
0.0032251717057079077
0.00318504823371768
0.0021681140642613173
0.0026967867743223906
0.003202664665877819
0.0024857246316969395
0.0023905825801193714
0.0031149748247116804
0.003252660855650902
0.0028538000769913197
0.003429209114983678
0.00246858736500144
0.002671287627890706
0.0026833086740225554
0.002466189442202449
0.002075649332255125
0.003097793785855174
0.0033926377072930336
0.0026774464640766382
0.002526469063013792
0.002130551030859351
0.002924880012869835
0.0030150783713907003
0.0026536541990935802
0.0023377814795821905
0.003001263365149498
0.002930418122559786
0.003633081214502454
0.002358838450163603
0.0025501709897071123
0.0026229533832520247
0.0033703898079693317
0.0027464553713798523
0.0031017714645713568
0.0030322852544486523
0.0041924635879695415
0.0029648428317159414
0.003537928918376565
0.003303640056401491
0.0035507637076079845
0.0023125996813178062
0.003292589448392391
0.0039011649787425995
0.0034682650584727526
0.0026485042180866003
0.002806922886520624
0.0038092166651040316
0.002617466263473034
0.0033769486472010612
0.00311326514929533
0.0035750495735555887
0.0029821814969182014
0.003150094533339143
0.0029679734725505114
0.0029360568150877953
0.0029603387229144573
0.0026744059287011623
0.0031335472594946623
0.0034024680498987436
0.0024269018322229385
0.002507629105821252
0.0029622502624988556
0.0029071446042507887
0.002752837957814336
0.00341501971706748
0.002613169141113758
0.002266673604026437
0.0026186127215623856
0.003274875693023205
0.003783394582569599
0.002934143878519535
0.0031322715803980827
0.0026890216395258904
0.0033881282433867455
0.0030659842304885387
0.003077990375459194
0.0027022543363273144
0.002731290878728032
0.002363156760111451
0.0037250600289553404
0.002594683086499572
0.003168590599671006
0.0029663245659321547
0.002554292092099786
0.0036846697330474854
0.002672535367310047
0.00240007764659822
0.003224763087928295
0.0027965509798377752
0.0027189997490495443
0.003738861996680498
0.003077833680436015
0.0027611474506556988
0.0031337516847997904
0.0029497172217816114
0.002810942940413952
0.0033757260534912348
0.0034652380272746086
0.002469730330631137
0.0036311261355876923
0.002733025699853897
0.0026587266474962234
0.0026839389465749264
0.002778750378638506
0.002756871050223708
0.00259211054071784
0.004187722224742174
0.002771503757685423
0.0027290289290249348
0.002857942134141922
0.0029373031575232744
0.0033690587151795626
0.0026159475091844797
0.0028784116730093956
0.0028420318849384785
0.003367613535374403
0.0030002486892044544
0.003078469540923834
0.0024005956947803497
0.002792166080325842
0.0035464665852487087
0.002342407824471593
0.002084294566884637
0.002639166545122862
0.0024227576795965433
0.0022077267058193684
0.003810220630839467
0.0023492516484111547
0.0029847254045307636
0.00274446327239275
0.0027760411612689495
0.002201781840994954
0.0027439859695732594
0.00270635262131691
0.0026918158400803804
0.0030538062565028667
0.00252074864692986
0.003153693862259388
0.0027533238753676414
0.0024934238754212856
0.0026297681033611298
0.0029241673182696104
0.0030299993231892586
0.0027782379183918238
0.0025519593618810177
0.0026548791211098433
0.0027441848069429398
0.0021666381508111954
0.0029913054313510656
0.0027924152091145515
0.0035688786301761866
0.0026556411758065224
0.0035056176129728556
0.0028179436922073364
0.0025084561202675104
0.003012270200997591
0.002985520986840129
0.002756050555035472
0.0025282830465584993
0.0029400645289570093
0.002465883968397975
0.0024670464918017387
0.0021301601082086563
0.0031153743620961905
0.002435320522636175
0.002802967792376876
0.0030010207556188107
0.0034794018138200045
0.0026514874771237373
0.002646980108693242
0.0032000087667256594
0.003260999917984009
0.0024418896064162254
0.0023143088910728693
0.0024221090134233236
0.002661332720890641
0.0028731285128742456
0.0012958506122231483
0.0021210964769124985
0.0028167201671749353
0.0033768692519515753
0.0032541558612138033
0.002846164396032691
0.002295874059200287
0.0026520148385316133
0.002444816753268242
0.0027251001447439194
0.003002901328727603
0.0030800802633166313
0.0027149689849466085
0.0027233660221099854
0.002753153443336487
0.002142345765605569
0.002076852833852172
0.0027520626317709684
0.003128138603642583
0.0021676169708371162
0.002880997024476528
0.002958213211968541
0.0025113399606198072
0.0024744838010519743
0.00297507643699646
0.00244342302903533
0.0020789550617337227
0.0022612768225371838
0.0024547313805669546
0.0024892271030694246
0.002357420278713107
0.00246505462564528
0.002822794718667865
0.002849343465641141
0.0025252304039895535
0.0025985543616116047
0.0025254522915929556
0.0023629318457096815
0.00270821456797421
0.0028566925320774317
0.0023943285923451185
0.0026244143955409527
0.0031987878028303385
0.0026010225992649794
0.0032727050129324198
0.0023688781075179577
0.002454292494803667
0.004148613661527634
0.003778492333367467
0.001853433670476079
0.002720716642215848
0.0031580424401909113
0.004594781436026096
0.002717388328164816
0.0022222083061933517
0.0024571798276156187
0.0023827555123716593
0.0033171363174915314
0.0029219482094049454
0.0034362932201474905
0.003015189664438367
0.0023947805166244507
0.0026270265225321054
0.002192993415519595
0.0025671639014035463
0.002191865351051092
0.0021534620318561792
0.0024915654212236404
0.0023172779474407434
0.0022389255464076996
0.0024726679548621178
0.0021571903489530087
0.002201576018705964
0.0026300018653273582
0.0023225911427289248
0.0026003883685916662
0.0018308975268155336
0.0022762033622711897
0.0019982897210866213
0.0025228664744645357
0.002081140875816345
0.002078490098938346
0.001819120836444199
0.0033492138609290123
0.002154694637283683
0.002132134046405554
0.0023456395138055086
0.0021111522801220417
0.003582444041967392
0.002317124279215932
0.002848931821063161
0.0021869619376957417
0.0023219578433781862
0.0025637238286435604
0.0034868228249251842
0.002419115975499153
0.0023813359439373016
0.002585120964795351
0.0031923011410981417
0.0018395012011751533
0.0031341637950390577
0.0022030111867934465
0.0025646169669926167
0.0023463466204702854
0.002593924757093191
0.0023311313707381487
0.0028695198707282543
0.0025081776548177004
0.0026757169980555773
0.002682051621377468
0.0023122525308281183
0.002581459004431963
0.0023779678158462048
0.0024184652138501406
0.003001265460625291
0.0033394559286534786
0.0028574743773788214
0.0019442378543317318
0.0024558675941079855
0.003046106779947877
0.0027227760292589664
0.002807164564728737
0.0028525064699351788
0.0029474522452801466
0.0023960506077855825
0.002411911031231284
0.003224781947210431
0.003229873487725854
0.0026161926798522472
0.002590473974123597
0.0024679619818925858
0.00217608455568552
0.0032243230380117893
0.0023435261100530624
0.0029522718396037817
0.002458681119605899
0.002876573707908392
0.0023551504127681255
0.0027037691324949265
0.003828698303550482
0.003186261747032404
0.0027154770214110613
0.0025989452842622995
0.002951627830043435
0.0033017282839864492
0.0026440215297043324
0.0023081195540726185
0.0026768178213387728
0.0023301311302930117
0.0025642397813498974
0.0021266296971589327
0.002461232477799058
0.002605481306090951
0.004296108614653349
0.002500368282198906
0.0033699949271976948
0.003047344973310828
0.0026728815864771605
0.002215356333181262
0.0021807756274938583
0.003092047991231084
0.0029250283259898424
0.002509040292352438
0.002582613378763199
0.0026046717539429665
0.0027294764295220375
0.0024292059242725372
0.003484535263851285
0.0026350892148911953
0.002071061870083213
0.0024137955624610186
0.004649010021239519
0.003942599054425955
0.0033245065715163946
0.002957679331302643
0.0023859073407948017
0.002406749641522765
0.0026221368461847305
0.002681356854736805
0.0023068778682500124
0.0026920572854578495
0.002461145631968975
0.00292719854041934
0.002950846217572689
0.0044994414784014225
0.002554770791903138
0.0028712437488138676
0.003939157817512751
0.003222513245418668
0.0028043994680047035
0.0025408712681382895
0.002622536849230528
0.002556250896304846
0.002532896352931857
0.002654926385730505
0.0022331210784614086
0.002297875238582492
0.0028142863884568214
0.0035960369277745485
0.0035693286918103695
0.003301390912383795
0.0030995027627795935
0.002368955174461007
0.0027477883268147707
0.004119936376810074
0.003330774139612913
0.002318471670150757
0.0024196822196245193
0.0025401045568287373
0.002508021192625165
0.0021347766742110252
0.0023243853356689215
0.002724133897572756
0.0029113965574651957
0.0025543172378093004
0.0031501222401857376
0.0028711119666695595
0.0031482274644076824
0.003354014828801155
0.003991933539509773
0.002073985990136862
0.0026492339093238115
0.0027684371452778578
0.003402713220566511
0.0027021942660212517
0.00243252981454134
0.002144023310393095
0.002017326420173049
0.0031676399521529675
0.0030594069976359606
0.002521171700209379
0.0025615112390369177
0.002358992351219058
0.002288356190547347
0.0018628701800480485
0.0020570189226418734
0.0023554994259029627
0.0025809984654188156
0.00204869220033288
0.002054632408544421
0.002564676571637392
0.0022358333226293325
0.002604016335681081
0.001989529235288501
0.0022515838500112295
0.002452354645356536
0.0021596241276711226
0.002250987570732832
0.002156923059374094
0.0021708947606384754
0.002101061400026083
0.002206096425652504
0.0023654201067984104
0.0027190193068236113
0.002323104767128825
0.0028959903866052628
0.0021684300154447556
0.0023593869991600513
0.0025085287634283304
0.002755490131676197
0.002231188118457794
0.002154752379283309
0.002177431480959058
0.002288651652634144
0.0017470099264755845
0.0030940540600568056
0.0022792164236307144
0.0022176222410053015
0.0017803256632760167
0.0018937272252514958
0.001827765954658389
0.0021107348147779703
0.002329278038814664
0.0027065014000982046
0.0018673434387892485
0.002219002228230238
0.0021971906535327435
0.002143957419320941
0.0019006473012268543
0.002861032960936427
0.002202506409958005
0.0027539751026779413
0.0022763549350202084
0.0032134568318724632
0.0032799008768051863
0.003279248019680381
0.0024029903579503298
0.0026790560223162174
0.0037346933968365192
0.002531967358663678
0.0028835844714194536
0.0027457652613520622
0.0023823962546885014
0.0025597368367016315
0.002678495831787586
0.0023919616360217333
0.002872998593375087
0.0019828842487186193
0.002344089560210705
0.0022720363922417164
0.002754645189270377
0.0022929932456463575
0.0023379588965326548
0.0024267469998449087
0.0025592241436243057
0.002447468228638172
0.0026142504066228867
0.001964553724974394
0.002289474941790104
0.0023104106076061726
0.0028672320768237114
0.00385106960311532
0.0022584102116525173
0.002496567787602544
0.001956199062988162
0.0025876150466501713
0.0027188104577362537
0.002112786052748561
0.0032301992177963257
0.002318385522812605
0.002411025343462825
0.0024394721258431673
0.0021978493314236403
0.0023315390571951866
0.002381720580160618
0.0020625602919608355
0.002315802965313196
0.002760442905128002
0.0024637188762426376
0.0025985417887568474
0.002139192773029208
0.002298420062288642
0.0022172746248543262
0.002093134680762887
0.0021698607597500086
0.002183362375944853
0.002267990494146943
0.002255710307508707
0.0021519940346479416
0.002913367236033082
0.0019411994144320488
0.0026936386711895466
0.0024310708977282047
0.0022654440253973007
0.002747707534581423
0.0023422474041581154
0.003414700971916318
0.002575653837993741
0.0018291363958269358
0.0025813993997871876
0.001999907661229372
0.002094278112053871
0.002339476952329278
0.0021178985480219126
0.0017748769605532289
0.004442740231752396
0.0022336156107485294
0.0024162204936146736
0.0023332019336521626
0.0023233965039253235
0.0026722478214651346
0.0022638041991740465
0.0025786827318370342
0.0021851584315299988
0.0028892802074551582
0.0018737328937277198
0.002181721618399024
0.001999401953071356
0.0023712788242846727
0.0019171969033777714
0.002721114782616496
0.0026511966716498137
0.0023110955953598022
0.00251219654455781
0.002181747928261757
0.002090540947392583
0.002091756323352456
0.0019095393363386393
0.0022625396959483624
0.002481978852301836
0.002706776140257716
0.0019821354653686285
0.002138290321454406
0.002502647927030921
0.0027806360740214586
0.0017677408177405596
0.0027305346447974443
0.004170114174485207
0.0032176561653614044
0.002852779347449541
0.002538801170885563
0.0022408543154597282
0.0027384026907384396
0.0033218166790902615
0.003269319189712405
0.0035553821362555027
0.003369441255927086
0.0029396312311291695
0.0026998170651495457
0.0026167728938162327
0.0032135257497429848
0.003062759293243289
0.0022870181128382683
0.003748867427930236
0.002544184448197484
0.0026652042288333178
0.0028199879452586174
0.002799256704747677
0.0031517345923930407
0.0034700126852840185
0.002460781717672944
0.0023408979177474976
0.0031393112149089575
0.0035796689335256815
0.003251663874834776
0.0030917306430637836
0.0030713651794940233
0.003142456291243434
0.0028869681991636753
0.0036960565485060215
0.002833150327205658
0.0022749947383999825
0.0025439865421503782
0.0026129421312361956
0.0022833433467894793
0.0029467123094946146
0.004451533313840628
0.0022734415251761675
0.004264479968696833
0.0025092095602303743
0.004651371855288744
0.0027600089088082314
0.0025624954141676426
0.002161055337637663
0.002384965308010578
0.0030668703839182854
0.003074419917538762
0.002601190935820341
0.002864568028599024
0.0028201043605804443
0.0022509365808218718
0.0024653789587318897
0.0027168295346200466
0.00250619906000793
0.0020784384105354548
0.0037400564178824425
0.0021537144202739
0.0030187477823346853
0.002468978287652135
0.002748269122093916
0.0020032047759741545
0.002003343077376485
0.0024449562188237906
0.002435094676911831
0.001890456536784768
0.0022593082394450903
0.0026346775703132153
0.002431189175695181
0.003021449316293001
0.0018813670612871647
0.001827887143008411
0.0019794516265392303
0.002306334674358368
0.002428679494187236
0.002551216632127762
0.002100746612995863
0.0037067015655338764
0.0019895252771675587
0.002255458850413561
0.0022910800762474537
0.0024157485458999872
0.002286213915795088
0.002368780318647623
0.0021479756105691195
0.0032126845326274633
0.003033236600458622
0.0022600095253437757
0.0023977255914360285
0.0020022077951580286
0.00214669038541615
0.0022052787244319916
0.002234861021861434
0.002268634270876646
0.0017832934390753508
0.002805751981213689
0.002403551945462823
0.0020598480477929115
0.002002658788114786
0.0026348214596509933
0.00231300201267004
0.002353742951527238
0.002238934626802802
0.002616801066324115
0.0019076894968748093
0.0023243515752255917
0.0023012810852378607
0.0018969004740938544
0.0022747297771275043
0.002139102900400758
0.0029849635902792215
0.001656914479099214
0.0020606955513358116
0.002017974155023694
0.0019481685012578964
0.0021579707972705364
0.0016045415541157126
0.0020375221502035856
0.0019398831063881516
0.002251956146210432
0.001939099165610969
0.0022222150582820177
0.0020414935424923897
0.001631041755899787
0.002448834478855133
0.0022470627445727587
0.002264440758153796
0.0018256602343171835
0.001988057978451252
0.0016852769767865539
0.0019270770717412233
0.0024004396982491016
0.001851120963692665
0.0021536366548389196
0.0022036219015717506
0.0029921967070549726
0.0022321264259517193
0.0018690325086936355
0.00212176819331944
0.002324978355318308
0.0027605632785707712
0.0018767863512039185
0.002414185320958495
0.002268083393573761
0.001995234051719308
0.0019629320595413446
0.0020240892190486193
0.0017032962059602141
0.0016603864496573806
0.00229805801063776
0.0019785864278674126
0.0019540213979780674
0.002290874719619751
0.001814807765185833
0.0023269506637007
0.0017989382613450289
0.0022808064240962267
0.0031719356775283813
0.002100982004776597
0.0024927398189902306
0.002393493428826332
0.0023589672055095434
0.002024970017373562
0.0021450065542012453
0.0020547138992697
0.002359448466449976
0.0018221946666017175
0.0021037617698311806
0.0023556635715067387
0.0026370955165475607
0.0026472320314496756
0.0026912398170679808
0.0021587121300399303
0.0023094455245882273
0.0022177421487867832
0.0021238229237496853
0.002068185480311513
0.0025779276620596647
0.0018926681950688362
0.0027699649799615145
0.0024002555292099714
0.0016791601665318012
0.002043035812675953
0.0019050143891945481
0.0034078115131706
0.0022346407640725374
0.0024300292134284973
0.002109480556100607
0.0018282280070707202
0.0025558602064847946
0.0021732840687036514
0.00183676287997514
0.00204735086299479
0.0022807754576206207
0.0021003589499741793
0.0020915374625474215
0.0024816396180540323
0.002285627881065011
0.002680616220459342
0.002169807208701968
0.002320769475772977
0.001826795400120318
0.0024815008509904146
0.0021679962519556284
0.002132273046299815
0.0018945252522826195
0.0024372776970267296
0.0021048663184046745
0.0027013737708330154
0.0021546888165175915
0.0021325659472495317
0.0024481057189404964
0.00205534091219306
0.0021642129868268967
0.0017143344739452004
0.002428811276331544
0.0020007137209177017
0.00240668305195868
0.002804574789479375
0.00212087226100266
0.0019788022618740797
0.0020459762308746576
0.0022037173621356487
0.002460604067891836
0.0016510440036654472
0.0020123382564634085
0.0020858102943748236
0.0022136270999908447
0.003072116756811738
0.002622468862682581
0.0017021342646330595
0.0022989376448094845
0.0021766575518995523
0.002451161155477166
0.0020162721630185843
0.004029049538075924
0.0021668022964149714
0.00249892077408731
0.002813406754285097
0.002198626287281513
0.002402295358479023
0.0024186812806874514
0.001967670861631632
0.002059770282357931
0.0018732144962996244
0.0021431611385196447
0.0019620549865067005
0.002622041618451476
0.002924953354522586
0.0018283156678080559
0.0013504495145753026
0.0015923561295494437
0.002306541195139289
0.0017799942288547754
0.0025477688759565353
0.0021780950482934713
0.002112796064466238
0.002392927184700966
0.0018166686641052365
0.002230728743597865
0.0019571552984416485
0.0028782819863408804
0.0018976505380123854
0.0019112490117549896
0.0021132174879312515
0.002424570033326745
0.0015809166943654418
0.0017657768912613392
0.0023874647449702024
0.0016920617781579494
0.0019148684805259109
0.0020189983770251274
0.0023741729091852903
0.0020231816451996565
0.0016887818928807974
0.0018052789382636547
0.0022816970013082027
0.0017412477172911167
0.003282493446022272
0.0017813128652051091
0.0018237301846966147
0.0019167523132637143
0.0020373782608658075
0.0017147775506600738
0.0020496018696576357
0.0029624663293361664
0.0019440889591351151
0.003973440267145634
0.0017188419587910175
0.002001284621655941
0.0019834127742797136
0.00185226125176996
0.002200437244027853
0.0020097061060369015
0.0019153187749907374
0.0018014118541032076
0.002450342057272792
0.0016436363803222775
0.001773685566149652
0.001915307599119842
0.0024223809596151114
0.0029353590216487646
0.0018284659599885345
0.0017394653987139463
0.003872518427670002
0.0018452554941177368
0.0022824984043836594
0.002524616429582238
0.002089453861117363
0.0023421740625053644
0.0021882951259613037
0.002375145209953189
0.0023071211762726307
0.00224385317414999
0.0018059504218399525
0.002423154190182686
0.002390550682321191
0.002156125148758292
0.0022671744227409363
0.002785878023132682
0.002451616572216153
0.01084244903177023
0.002342613646760583
0.0030097567941993475
0.003162694862112403
0.005231679417192936
0.005874687805771828
0.004914554767310619
0.004688538610935211
0.0027363146655261517
0.003039776347577572
0.002111606067046523
0.002378365956246853
0.0026383057702332735
0.002340792678296566
0.004219444002956152
0.005705838091671467
0.0037652342580258846
0.0029622314032167196
0.0023433140013366938
0.0029049899894744158
0.0026771218981593847
0.0028204640839248896
0.003328969469293952
0.003117318730801344
0.002943923696875572
0.0026586425956338644
0.002684524282813072
0.0024700688663870096
0.003045924473553896
0.0022817763965576887
0.0021726624108850956
0.0021319894585758448
0.0024744283873587847
0.002613264601677656
0.002462603384628892
0.0031372595112770796
0.002588085364550352
0.0025630423333495855
0.002351274946704507
0.0018646907992661
0.002167923143133521
0.00237247534096241
0.0023052645847201347
0.002400029916316271
0.0023559234105050564
0.0022998277563601732
0.002133085858076811
0.0024729743599891663
0.002118727657943964
0.0021530003286898136
0.002317574340850115
0.002386154141277075
0.002195520792156458
0.0023256721906363964
0.002117073629051447
0.0023477438371628523
0.0041043516248464584
0.0021442912984639406
0.002421061974018812
0.0027123568579554558
0.002133127534762025
0.0020982089918106794
0.003112563630566001
0.0026482061948627234
0.0018234776798635721
0.002422020770609379
0.0022558108903467655
0.0027882640715688467
0.0022954591549932957
0.0017267877701669931
0.002294747857376933
0.00468666385859251
0.002632374642416835
0.0019155176123604178
0.002899379702284932
0.002402202459052205
0.0020390599966049194
0.0024349666200578213
0.0019329480128362775
0.002116674557328224
0.0028044921346008778
0.0022564048413187265
0.001947761164046824
0.0020212370436638594
0.0024337656795978546
0.0019003665074706078
0.0016352211823686957
0.001974919345229864
0.0017347348621115088
0.0028171660378575325
0.002060650149360299
0.0021494152024388313
0.0015007732436060905
0.001778569770976901
0.002547056647017598
0.0019354219548404217
0.0026120434049516916
0.0018405617447569966
0.0020088334567844868
0.001729442155919969
0.0018544768681749701
0.0018036995315924287
0.0018684208625927567
0.0018753324402496219
0.001926103956066072
0.0019790236838161945
0.002752095926553011
0.0018462978769093752
0.0019503404619172215
0.0020076867658644915
0.0037801896687597036
0.0016414027195423841
0.0020143119618296623
0.001742326421663165
0.002286597155034542
0.001964310882613063
0.002390368143096566
0.00245597492903471
0.0022248963359743357
0.001961842179298401
0.001796380034647882
0.0015703936805948615
0.0016757032135501504
0.001862996257841587
0.0014177829725667834
0.004129854030907154
0.002481007482856512
0.0022319890558719635
0.0022284123115241528
0.0018299338407814503
0.0017526900628581643
0.0017233345424756408
0.00199307594448328
0.0020479699596762657
0.0021342625841498375
0.0032827977556735277
0.00242581102065742
0.002002088585868478
0.0018964787013828754
0.0025879445020109415
0.0021615875884890556
0.0020617961417883635
0.0012477270793169737
0.0020449613220989704
0.002301395172253251
0.0023078741505742073
0.0026054801419377327
0.00262862304225564
0.0018037852132692933
0.0021241221111267805
0.0017348130932077765
0.0017926966538652778
0.0027466691099107265
0.0020177869591861963
0.002440771320834756
0.002058871556073427
0.001651127589866519
0.002200387418270111
0.0018335949862375855
0.001699291868135333
0.001945982687175274
0.001601907075382769
0.0018488643690943718
0.0032835949677973986
0.0022435688879340887
0.0018218470504507422
0.0023146288003772497
0.001808457775041461
0.0015538721345365047
0.0026529449969530106
0.0019270832417532802
0.002217319793999195
0.002573484554886818
0.0020266638603061438
0.0024501834996044636
0.00184761849232018
0.001562289660796523
0.0021461802534759045
0.0020915220957249403
0.0027277558110654354
0.0018322435207664967
0.0018563461489975452
0.0018233233131468296
0.0016839338932186365
0.0016408825758844614
0.002063645515590906
0.0018143474590033293
0.0024636825546622276
0.0018190641421824694
0.002276600105687976
0.0015375607181340456
0.0017817922635003924
0.0020928012672811747
0.001631520688533783
0.0022404040209949017
0.001222727820277214
0.0013873942662030458
0.0019465199438855052
0.0014262422919273376
0.002230025129392743
0.0017061728285625577
0.0018839341355487704
0.0023433289024978876
0.0015930900117382407
0.001765235560014844
0.002450557891279459
0.0024256641045212746
0.00423036701977253
0.002582434331998229
0.001581536722369492
0.0020123766735196114
0.0021022565197199583
0.001696227234788239
0.0022893825080245733
0.0014695303980261087
0.0020014250185340643
0.002423620317131281
0.006146099418401718
0.0020308741368353367
0.0020471285097301006
0.0018244063248857856
0.0015810038894414902
0.001813769806176424
0.002178048249334097
0.0019857792649418116
0.001405053655616939
0.0019902896601706743
0.0018105701310560107
0.0019862118642777205
0.0023337097372859716
0.0016408584779128432
0.001953334081918001
0.0016079472843557596
0.0029439583886414766
0.002072401810437441
0.0013886281521990895
0.0021685450337827206
0.0014916443033143878
0.0021665149834007025
0.0018750011222437024
0.0019448655657470226
0.0016801507445052266
0.001922559691593051
0.003455003025010228
0.001785433734767139
0.002282240428030491
0.0021558122243732214
0.001863584271632135
0.002461254596710205
0.0016955366590991616
0.0015797860687598586
0.0020097647793591022
0.0018869888735935092
0.00155981769785285
0.001836414565332234
0.002037585712969303
0.002459439681842923
0.0017175620887428522
0.0016492033610120416
0.0017673406982794404
0.0018636727472767234
0.0020538901444524527
0.0035005828831344843
0.0019851180259138346
0.0029211342334747314
0.00249007367528975
0.0017127161845564842
0.0018430695636197925
0.0013978075003251433
0.001753850607201457
0.0021588157396763563
0.004112211987376213
0.0015927337808534503
0.0031412409152835608
0.0016925992676988244
0.00408314261585474
0.0018869787454605103
0.0019146515987813473
0.001903328811749816
0.0017182511510327458
0.0017722026677802205
0.003388642566278577
0.002286632312461734
0.0018450133502483368
0.00305023230612278
0.004156151320785284
0.0021652693394571543
0.0014311616541817784
0.0017229130025953054
0.0017102777492254972
0.0017253971891477704
0.004716905765235424
0.0016511421417817473
0.0020026592537760735
0.001697256346233189
0.002169832121580839
0.0015340613899752498
0.001776167773641646
0.00201038783416152
0.0017117706593126059
0.0015826107701286674
0.001928804675117135
0.0018227547407150269
0.0015392880886793137
0.0015685530379414558
0.0023783755023032427
0.0018097464926540852
0.0016903788782656193
0.0013687321916222572
0.0016051289858296514
0.0018340449314564466
0.003206781577318907
0.0020459615625441074
0.001704178168438375
0.0015271729789674282
0.0022770296782255173
0.001505197724327445
0.0027378620579838753
0.0016854621935635805
0.0016407727962359786
0.0018038158304989338
0.0030524551402777433
0.0025659261737018824
0.0020136430393904448
0.00189609220251441
0.0015088587533682585
0.0017183591844514012
0.0014151458162814379
0.0015251205768436193
0.001961073372513056
0.0014748546527698636
0.0016777090495452285
0.0019142234232276678
0.0017935652285814285
0.0014074959326535463
0.001474781078286469
0.0018721814267337322
0.0016806661151349545
0.002284205751493573
0.0016081760404631495
0.0019436930306255817
0.00257371598854661
0.002290385542437434
0.0021318329963833094
0.00187131785787642
0.0018053257372230291
0.0019393116235733032
0.00147231703158468
0.0038609651383012533
0.001750834984704852
0.0014686649665236473
0.0018746425630524755
0.0014996672980487347
0.00172459427267313
0.0014437487116083503
0.003908201586455107
0.0015688331332057714
0.0025154282338917255
0.0017909803427755833
0.0024359882809221745
0.001614244538359344
0.0020834505558013916
0.0029702724423259497
0.0018173594726249576
0.0019616952631622553
0.00148935173638165
0.0017507659504190087
0.0018118931911885738
0.0018577431328594685
0.0016415354330092669
0.0016184040578082204
0.002885825466364622
0.0016077253967523575
0.004820343106985092
0.0017266348004341125
0.0016996861668303609
0.001903659664094448
0.0015060955192893744
0.002363279927521944
0.0016812727553769946
0.0016066079260781407
0.002065554726868868
0.002562138484790921
0.002079571830108762
0.001882644253782928
0.0015286905691027641
0.001889815554022789
0.0017717903247103095
0.0015104596968740225
0.0017448823200538754
0.001733135199174285
0.0024414134677499533
0.0022313373629003763
0.0017602720763534307
0.001601311145350337
0.0015751996543258429
0.0020032210741192102
0.0019511705031618476
0.0016721811844035983
0.001881117932498455
0.001515636802650988
0.0014695904683321714
0.0016937939217314124
0.0014166278997436166
0.0022117760963737965
0.0015067470958456397
0.0015465989708900452
0.002016007201746106
0.001590241678059101
0.0012130258837714791
0.0021805826108902693
0.001380907604470849
0.0017087212763726711
0.0013284097658470273
0.0017045480199158192
0.0015685859834775329
0.002176055684685707
0.0013355775736272335
0.001746471389196813
0.0013136628549546003
0.0017635038821026683
0.00131194107234478
0.001551448367536068
0.0016913034487515688
0.001981774577870965
0.004027322866022587
0.0022262183483690023
0.003240214427933097
0.0015615843003615737
0.001455740537494421
0.0014611076330766082
0.0019530036952346563
0.0029660228174179792
0.002757387002930045
0.0020469326991587877
0.002867388539016247
0.0018636941676959395
0.0015866333851590753
0.0015500423032790422
0.001869772793725133
0.0018746295245364308
0.0013831621035933495
0.0018056153785437346
0.002699536271393299
0.0016414206475019455
0.002113337628543377
0.001660731970332563
0.0017726856749504805
0.0015047737397253513
0.001400871085934341
0.001588441082276404
0.0020857781637459993
0.003130525117740035
0.0020182812586426735
0.001855703187175095
0.002004313515499234
0.0022891750559210777
0.0016413788544014096
0.0018589918036013842
0.0019295766251161695
0.0017451541498303413
0.0018410102929919958
0.0015289389993995428
0.0015034625539556146
0.0020756234880536795
0.0017132938373833895
0.0018389018950983882
0.0012619390618056059
0.00153556396253407
0.0011113263899460435
0.0014393656747415662
0.002048265188932419
0.0029510469175875187
0.0015964752528816462
0.0025027815718203783
0.0016850002575665712
0.001505022868514061
0.0014953745994716883
0.0012736711651086807
0.0013416720321401954
0.0013737070839852095
0.0019366067135706544
0.00170841661747545
0.001624214113689959
0.00199735420756042
0.0014878746587783098
0.001616752240806818
0.0028880289755761623
0.0013094639871269464
0.0015846327878534794
0.0014480724930763245
0.0012704667169600725
0.0012807738967239857
0.0012106290087103844
0.002653321484103799
0.0018177537713199854
0.0018810764886438847
0.00377811212092638
0.0016687680035829544
0.0018720149528235197
0.0017136752139776945
0.0015016187680885196
0.0015786333242431283
0.001733926823362708
0.0026154208462685347
0.0019159897929057479
0.0014953222125768661
0.0018595389556139708
0.001311698229983449
0.001698396517895162
0.0013447203673422337
0.0024463750887662172
0.0014070707838982344
0.0033238583710044622
0.001616047346033156
0.0013369364896789193
0.0017409056890755892
0.002175703411921859
0.0023184267338365316
0.0017704663332551718
0.00179457722697407
0.001917126588523388
0.001600714516825974
0.0018969223601743579
0.0017342895735055208
0.0016262037679553032
0.00194888177793473
0.0020156588871032
0.0015285674016922712
0.0014601830625906587
0.0014464616542682052
0.0014124785084277391
0.001808061613701284
0.0013660519616678357
0.0018349123420193791
0.0016700219130143523
0.0019010483520105481
0.0014826868427917361
0.001215393771417439
0.001953531289473176
0.0014946095179766417
0.0023680527228862047
0.00131794938351959
0.001610101549886167
0.0016220839461311698
0.001360151800327003
0.0019031608244404197
0.0014659818261861801
0.0013241099659353495
0.0017262562178075314
0.0019207318546250463
0.001765803201124072
0.002438480732962489
0.0016609395388513803
0.002089055022224784
0.0012875477550551295
0.0014403145760297775
0.0014185712207108736
0.0015996822621673346
0.0016858738381415606
0.001683190232142806
0.0017897384241223335
0.0013706936733797193
0.0011617348063737154
0.001520759193226695
0.0015597559977322817
0.0014904207782819867
0.0014153895899653435
0.002004715846851468
0.0015079586300998926
0.0016429201932623982
0.0013914520386606455
0.0011174181709066033
0.0012750182067975402
0.0019927306566387415
0.001617933507077396
0.002033960074186325
0.001387768774293363
0.0015714593464508653
0.0011950120097026229
0.0014012014726176858
0.0013081948272883892
0.0027865939773619175
0.0017379493219777942
0.0027946108020842075
0.0014268421800807118
0.0015638461336493492
0.0014310880796983838
0.0014726330991834402
0.0012564880307763815
0.0021717746276408434
0.0012129454407840967
0.001320902956649661
0.0019148435676470399
0.0015516453422605991
0.0013520732754841447
0.0012240842916071415
0.0016439678147435188
0.0014549002517014742
0.0014433263568207622
0.0015293291071429849
0.002533010207116604
0.001998298102989793
0.0018806339940056205
0.0017247380455955863
0.0016744660679250956
0.0019627087749540806
0.001955486135557294
0.0017451922176405787
0.0016227765008807182
0.001577175804413855
0.001404447597451508
0.0013332916423678398
0.0021950770169496536
0.0014183003222569823
0.0012513593537732959
0.0019304525339975953
0.0016470208065584302
0.0020668611396104097
0.0014574420638382435
0.0015344569692388177
0.001966295763850212
0.0015581930056214333
0.0026700920425355434
0.0021504887845367193
0.0013779974542558193
0.0017656412674114108
0.001615928253158927
0.0016588837606832385
0.002621944760903716
0.0013690820196643472
0.0020503574050962925
0.0014373983722180128
0.002509035635739565
0.0015340672107413411
0.0015358770033344626
0.0034860139712691307
0.0016110542928799987
0.0013421978801488876
0.0032968863379210234
0.0012489730725064874
0.0013174725463613868
0.0039898608811199665
0.001482691615819931
0.0026442473754286766
0.001503938459791243
0.001445390866138041
0.001286185928620398
0.001955947605893016
0.0015622980426996946
0.0019944687373936176
0.001922564348205924
0.001626682234928012
0.0015242062509059906
0.0015943795442581177
0.0010125740664079785
0.0017181674484163523
0.001937192166224122
0.0015627701068297029
0.0016438541933894157
0.001034819521009922
0.0011420047376304865
0.0012814451474696398
0.0012251412263140082
0.0013524501118808985
0.002203133190050721
0.0024566107895225286
0.001096716383472085
0.0015753873158246279
0.0014536363305523992
0.0015084241749718785
0.00126559566706419
0.0013044091174378991
0.0014397556660696864
0.0016154312761500478
0.0015424443408846855
0.0013454357394948602
0.002298773732036352
0.001487469533458352
0.001455220626667142
0.002251794096082449
0.0016251372871920466
0.0011020064121112227
0.0017269747331738472
0.001502077211625874
0.0012718788348138332
0.0011151648359373212
0.0014033355982974172
0.001254020957276225
0.0009411668870598078
0.0025547556579113007
0.0014232387766242027
0.0012538431910797954
0.001277751987800002
0.001151201780885458
0.0012003600131720304
0.0015344737330451608
0.0017233206890523434
0.0011514573125168681
0.0013447285164147615
0.0013555297628045082
0.0012602572096511722
0.0011526502203196287
0.0013651432236656547
0.001963187474757433
0.002004214795306325
0.001257550437003374
0.001178090344183147
0.001622979179956019
0.001675149193033576
0.0010661090491339564
0.001383886206895113
0.0010858213063329458
0.0014944899594411254
0.0015221141511574388
0.0009814630029723048
0.0014944454887881875
0.0015975048299878836
0.0011962471762672067
0.0015239438507705927
0.0012880831491202116
0.0012361272238194942
0.0015763279516249895
0.0012992279371246696
0.0013377397553995252
0.0013556212652474642
0.0012901631416752934
0.001059033558703959
0.0011333872098475695
0.001280162250623107
0.001085113501176238
0.0010745874606072903
0.001516920980066061
0.0017819798085838556
0.0011582631850615144
0.0013294302625581622
0.0012257787166163325
0.0014845344703644514
0.0012378565734252334
0.0012460200814530253
0.0013844175264239311
0.002838477957993746
0.001289996551349759
0.0020827825646847486
0.0016323112649843097
0.0013496269239112735
0.0009116274304687977
0.0012521458556875587
0.0010251676430925727
0.0012874013045802712
0.0020188014023005962
0.0016023117350414395
0.003106429474428296
0.0026761828921735287
0.0015952051617205143
0.0014995391247794032
0.0015134046552702785
0.0021390269976109266
0.0016538724303245544
0.0014508927706629038
0.001461819396354258
0.0022574004251509905
0.0024014313239604235
0.0024888054467737675
0.00229079881682992
0.0013406338403001428
0.0015774252824485302
0.0014121778076514602
0.0017530646873638034
0.001392120961099863
0.0020037000067532063
0.0010421538027003407
0.0013409479288384318
0.0013096847105771303
0.0019086443353444338
0.0013437612215057015
0.0018278013449162245
0.001662714988924563
0.0014351459685713053
0.0014348821714520454
0.0018695107428357005
0.0016090577701106668
0.0015592784620821476
0.0013477199245244265
0.0018916735425591469
0.0017341398634016514
0.001492164796218276
0.0015245581744238734
0.0013618174707517028
0.0014872888568788767
0.0013411400141194463
0.0014793174341320992
0.0010711383074522018
0.0014336544554680586
0.002075803931802511
0.001789483125321567
0.0009776190854609013
0.001329226535744965
0.002995056100189686
0.0013797139981761575
0.002949888352304697
0.0011235664132982492
0.0014903165865689516
0.0020812619477510452
0.0018142873886972666
0.0021632539574056864
0.0028000271413475275
0.001659404020756483
0.0021840534172952175
0.0014361252542585135
0.0012791372137144208
0.0012645649258047342
0.001603457028977573
0.0016622946131974459
0.0015028994530439377
0.0018725760746747255
0.0011708514066413045
0.0014275673311203718
0.0012214606394991279
0.0017312481068074703
0.0014677742728963494
0.0014837229391559958
0.0012387584429234266
0.001255921320989728
0.0014532179338857532
0.0011782051296904683
0.0013909440021961927
0.0025117744226008654
0.000999274430796504
0.0011465027928352356
0.0013398771407082677
0.001316724345088005
0.0013008012901991606
0.0027798772789537907
0.0008567365002818406
0.0012323015835136175
0.001136008184403181
0.0018377770902588964
0.0014949609758332372
0.0012753517366945744
0.001349161029793322
0.0017268334049731493
0.0012221706565469503
0.0014071515761315823
0.0018823680002242327
0.001193853560835123
0.0014945692382752895
0.0010605616262182593
0.0014860450755804777
0.0021074635442346334
0.001144896144978702
0.001223746221512556
0.006866808980703354
0.0013995143817737699
0.001396419364027679
0.0018173365388065577
0.0012293306645005941
0.0016183712286874652
0.0020629861392080784
0.0017941381083801389
0.0017567867180332541
0.001457823789678514
0.0014220208395272493
0.001703354762867093
0.001094867824576795
0.001237952266819775
0.002413628390058875
0.0013268828624859452
0.0013600634410977364
0.0013207006268203259
0.0017024378757923841
0.0012889439240098
0.0023590249475091696
0.0008564956369809806
0.0013571125455200672
0.0018712416058406234
0.0018085975898429751
0.0014198501594364643
0.0013034420553594828
0.0013105468824505806
0.0015875528333708644
0.0012121123727411032
0.0013350481167435646
0.0016411260003224015
0.0025655904319137335
0.0010482210200279951
0.0014370887074619532
0.0011104932054877281
0.0011621878948062658
0.0014111414784565568
0.0023349951952695847
0.0016460586339235306
0.0016208012821152806
0.0012202986981719732
0.0011932580964639783
0.0013756079133599997
0.001244428101927042
0.0013110422296449542
0.001064580399543047
0.0019074969459325075
0.0012887760531157255
0.0012466736370697618
0.001794258365407586
0.001585652818903327
0.0015892877709120512
0.001676421263255179
0.0011151188518851995
0.000994779751636088
0.0012944553745910525
0.0016068888362497091
0.001107136602513492
0.0020063878037035465
0.0012406547321006656
0.00283090234734118
0.002184818498790264
0.0012507273349910975
0.001154686906374991
0.0014484203420579433
0.0014203815953806043
0.0017667647916823626
0.0034147780388593674
0.0024065517354756594
0.0012405960587784648
0.0027525159530341625
0.0014358875341713428
0.001816309872083366
0.002633867785334587
0.0011658045696094632
0.0012721323873847723
0.0011528481263667345
0.0012825008016079664
0.0013844125205650926
0.0021660944912582636
0.001483289641328156
0.0009883421007543802
0.0014114679070189595
0.0013107408303767443
0.0015735148917883635
0.0012050376972183585
0.0012540383031591773
0.0008768015541136265
0.0010698608821257949
0.001154099008999765
0.0011690933024510741
0.0014896115753799677
0.000978198368102312
0.0014271708205342293
0.0012380905682221055
0.0011183616006746888
0.0015913787065073848
0.0010311718797311187
0.0010999055812135339
0.0010028408141806722
0.0009672310552559793
0.0012312706094235182
0.0010977754136547446
0.0012243962846696377
0.0022879624739289284
0.0009972710395231843
0.0013000223552808166
0.0013954105088487267
0.0012756051728501916
0.001112751429900527
0.0011015675263479352
0.0018557091243565083
0.00153634964954108
0.0022251391783356667
0.0014292154228314757
0.001197431469336152
0.0010972825111821294
0.001392579055391252
0.0012810829794034362
0.0018022725125774741
0.0010117222554981709
0.0008727602544240654
0.0010322328889742494
0.002109162975102663
0.001374458777718246
0.0015043835155665874
0.0014477266231551766
0.0009353603818453848
0.0009828306501731277
0.0010587823344394565
0.0011326660169288516
0.0011014087358489633
0.0008352894219569862
0.0017853497993201017
0.0012966813519597054
0.00202239491045475
0.0016572296153753996
0.001155089121311903
0.0010817272122949362
0.001117230043746531
0.0011905351420864463
0.002551806392148137
0.002048410940915346
0.001539895310997963
0.001072469400241971
0.0011841681553050876
0.0012029798235744238
0.0012408317998051643
0.0013781527522951365
0.001126216957345605
0.002254695864394307
0.001335227396339178
0.0017735399305820465
0.0010814715642482042
0.0011569176567718387
0.0012058678548783064
0.0013520090142264962
0.0018957367865368724
0.000954498304054141
0.00168248126283288
0.0012487211497500539
0.0014076298102736473
0.001191830961033702
0.0013795171398669481
0.001516739372164011
0.0018658214248716831
0.0017275097779929638
0.0011906428262591362
0.0011883073020726442
0.0012892266968265176
0.0012657520128414035
0.0012829365441575646
0.0010649972828105092
0.0010398970916867256
0.0012585109798237681
0.001202362240292132
0.0012950495583936572
0.0016730957431718707
0.001152045908384025
0.0011572085786610842
0.0012737828074023128
0.00151916965842247
0.002007839735597372
0.0009586994419805706
0.0012015277752652764
0.0016610098537057638
0.001956807915121317
0.0014286786317825317
0.001072642276994884
0.001134134829044342
0.0012700386578217149
0.0017417101189494133
0.0009260636870749295
0.0009703004616312683
0.0011301521444693208
0.001380830304697156
0.0011436032364144921
0.0013310296926647425
0.002761667827144265
0.0014676946448162198
0.002029616618528962
0.0010263770818710327
0.002376050455495715
0.0010695620439946651
0.0008871294558048248
0.001752203213982284
0.0024218314792960882
0.0013553871540352702
0.0015601100167259574
0.0012270796578377485
0.0020614881068468094
0.0011168357450515032
0.0034133417066186666
0.001476106932386756
0.0018188046524301171
0.0013281552819535136
0.0011449938174337149
0.00147013901732862
0.0029235989786684513
0.0014970885822549462
0.0014949653996154666
0.001047187834046781
0.0011228770017623901
0.0016932743601500988
0.001111423596739769
0.0021853565704077482
0.00085256906459108
0.001034191926009953
0.001980782952159643
0.0010332594392821193
0.0010823416523635387
0.0016409861855208874
0.0012104276102036238
0.0025112228468060493
0.001164110261015594
0.001209379406645894
0.0009540835162624717
0.0010830349056050181
0.0010632522171363235
0.0019837080035358667
0.0012563869822770357
0.0015748211881145835
0.0010934659512713552
0.0014162163715809584
0.00124662509188056
0.0011307954555377364
0.0012203773949295282
0.0012658729683607817
0.0011464576236903667
0.0012285230914130807
0.0017651846865192056
0.0010671754134818912
0.0012271155137568712
0.0012675945181399584
0.0011301691411063075
0.0011160793947055936
0.000949776906054467
0.0013602853287011385
0.001755249802954495
0.0011482248082756996
0.002129120985046029
0.0011207828065380454
0.001134033896960318
0.0009008373017422855
0.0011385041289031506
0.0011747287353500724
0.0012829310726374388
0.0011512087658047676
0.0010487048421055079
0.0007091076113283634
0.001056214328855276
0.001085345633327961
0.0008583186427131295
0.0016032307175919414
0.0016342854360118508
0.0012160764308646321
0.0013285273453220725
0.0011005058186128736
0.0010743064340204
0.0013741031289100647
0.0015479308785870671
0.0016546365804970264
0.0009771328186616302
0.0020878210198134184
0.0010927596595138311
0.00124372448772192
0.0009075437556020916
0.0010928446426987648
0.0011262418702244759
0.0015452700899913907
0.0010687594767659903
0.0014349105767905712
0.0021610374096781015
0.0011211702367290854
0.0010922213550657034
0.001517053577117622
0.0008825605036690831
0.0008247302030213177
0.0010383044136688113
0.0011542808497324586
0.001098881009966135
0.0011972103966400027
0.0010221891570836306
0.0015258471248671412
0.00124117243103683
0.001284062396734953
0.0010714908130466938
0.0008319892222061753
0.001353602041490376
0.0009542007464915514
0.0010673789074644446
0.001348496531136334
0.00112897006329149
0.0016486621461808681
0.0018006410682573915
0.0011053067864850163
0.001289540552534163
0.0013283650623634458
0.0012897553388029337
0.0011057263473048806
0.0009293195907957852
0.0013427154626697302
0.0017154010711237788
0.001091742073185742
0.0011846807319670916
0.0011688856175169349
0.001684793853200972
0.0007438916945829988
0.0010305808391422033
0.0010894405422732234
0.0012660721549764276
0.0010759124998003244
0.0015893627423793077
0.0011874526971951127
0.0011832935269922018
0.0011603944003582
0.0012301122769713402
0.0009316273499280214
0.0012142691994085908
0.0010684187291190028
0.0009166993550024927
0.0010163477854803205
0.001177957747131586
0.0013795314589515328
0.0010122047970071435
0.001390643185004592
0.0012585858348757029
0.00111632130574435
0.00206599198281765
0.0008663150365464389
0.0016665988368913531
0.0012119142338633537
0.0011301113991066813
0.0010810478124767542
0.0021673054434359074
0.0011187050258740783
0.0009717570501379669
0.0013478947803378105
0.0009096175199374557
0.001589901396073401
0.001030746498145163
0.0010200542164966464
0.0009584360523149371
0.00102697080001235
0.0013853684067726135
0.0013983433600515127
0.001548200729303062
0.0013715374516323209
0.0009733233018778265
0.0012210420100018382
0.0012943429173901677
0.0010330541990697384
0.0010294606909155846
0.0011242764303460717
0.001434053061529994
0.001192320603877306
0.0010220521362498403
0.0011968965409323573
0.0015217367326840758
0.0014225703198462725
0.0008900917018763721
0.0008438131771981716
0.001676663989201188
0.0011259792372584343
0.001423313980922103
0.0010945334797725081
0.0012056659907102585
0.0013254914665594697
0.0009011575602926314
0.0009355720249004662
0.0010358020663261414
0.0010339312721043825
0.0012867471668869257
0.0009739875677041709
0.0015890084905549884
0.0009979680180549622
0.0012881075963377953
0.0008923663990572095
0.0008363415254279971
0.001023391610942781
0.000983791658654809
0.0008895286591723561
0.0009608365944586694
0.0018940612208098173
0.0009040816221386194
0.00113925791811198
0.0008556970860809088
0.001023799180984497
0.0010898752370849252
0.0014676157152280211
0.0012842428404837847
0.0016536889597773552
0.002142369281500578
0.0013349023647606373
0.0013190207537263632
0.0008577699773013592
0.001302183954976499
0.0010513894958421588
0.001258324715308845
0.002425998216494918
0.0014320933260023594
0.001349330530501902
0.0015286871930584311
0.0015832814387977123
0.0010949738789349794
0.0014431218151003122
0.0012347969459369779
0.001500980113632977
0.001321563497185707
0.003158201929181814
0.0011920296819880605
0.0008817968773655593
0.0011916267685592175
0.0012886030599474907
0.0010971131268888712
0.0009290745947510004
0.0013220587279647589
0.001259136013686657
0.0012077699648216367
0.0013536893529817462
0.003169457660987973
0.0012768383603543043
0.0010651365155354142
0.0013429326936602592
0.0015727911377325654
0.0011943855788558722
0.0012382345739752054
0.0012492048554122448
0.0010139575460925698
0.0009244458051398396
0.0014651973033323884
0.001180228078737855
0.0012021987931802869
0.0010540566872805357
0.0012359274551272392
0.0011483955895528197
0.001059860223904252
0.0010559008223935962
0.000974956143181771
0.001027952297590673
0.0019095507450401783
0.0011451089521870017
0.0012899398570880294
0.0010571714956313372
0.0009791362099349499
0.00139036204200238
0.002039646962657571
0.0018711417214944959
0.0006977681769058108
0.0010603010887280107
0.0009830768685787916
0.0007917769835330546
0.0008468573214486241
0.00146530382335186
0.0008354884339496493
0.0010134612675756216
0.0010564912809059024
0.0011878928635269403
0.0009110718383453786
0.0009730992605909705
0.0009183338843286037
0.0012214250164106488
0.0010211827466264367
0.0008877936634235084
0.0008640118758194149
0.0007920830976217985
0.001178418518975377
0.0011707897065207362
0.0009339453536085784
0.0011004979023709893
0.0020362939685583115
0.0014299838803708553
0.0010092098964378238
0.0008823687676340342
0.0010618478991091251
0.0008834842010401189
0.005467469338327646
0.0009250944713130593
0.0009598907199688256
0.0007574424962513149
0.0010340141598135233
0.0008775354945100844
0.0018291310407221317
0.002003719098865986
0.0021940385922789574
0.0008809737046249211
0.0016492370050400496
0.0007924020173959434
0.0010748779168352485
0.0008902683039195836
0.0008656317950226367
0.00125597242731601
0.0008741539204493165
0.0008677779696881771
0.0019874502904713154
0.0017831961158663034
0.0011320379562675953
0.000916207442060113
0.002448810962960124
0.0009481142042204738
0.0010278432164341211
0.00118178257253021
0.0013817467261105776
0.0009486439521424472
0.002299853367730975
0.0017295886063948274
0.001956085441634059
0.0012974160490557551
0.0012523995246738195
0.0009600893245078623
0.0008897904772311449
0.0013366920175030828
0.0015031816437840462
0.0018922961317002773
0.0009735685889609158
0.0011200717417523265
0.001303842174820602
0.0010674390941858292
0.0009724076953716576
0.0009058022405952215
0.0014007518766447902
0.001973313745111227
0.0006429280620068312
0.0012604492949321866
0.0009984553325921297
0.0011162605369463563
0.001174234552308917
0.0011508739553391933
0.0010549984872341156
0.0011756789172068238
0.0008976765675470233
0.0008651249227114022
0.0009119466412812471
0.0012899537105113268
0.002495039254426956
0.0010230080224573612
0.0012556505389511585
0.0012423405423760414
0.0008907122537493706
0.0010492074070498347
0.0008800007053650916
0.0011330931447446346
0.0009795043151825666
0.0013648325111716986
0.0019071889109909534
0.0011348288971930742
0.0012444074964150786
0.0014691910473629832
0.0010617953957989812
0.001434566918760538
0.0013180258683860302
0.0012212969595566392
0.0013440648326650262
0.0013144511030986905
0.001841509947553277
0.0009635224705561996
0.0009166186209768057
0.0009454761166125536
0.0016611776081845164
0.000915704935323447
0.0010451131965965033
0.0011497369268909097
0.0009835305390879512
0.0009444195311516523
0.0009158917237073183
0.0007882859790697694
0.00097894505597651
0.0009373398497700691
0.0007475199527107179
0.0009589536930434406
0.0007933342130854726
0.0011546226451173425
0.001103464514017105
0.001262576668523252
0.0009240970248356462
0.0011046691797673702
0.0008985222084447742
0.0011377151822671294
0.0008106639143079519
0.0012022037990391254
0.0009311401518061757
0.001453166245482862
0.001265769125893712
0.0008384239627048373
0.0011154264211654663
0.0012273950269445777
0.0010786955244839191
0.0012527965009212494
0.0011590005597099662
0.0009917509742081165
0.0011506325099617243
0.0010208709863945842
0.0012582786148414016
0.0017510333564132452
0.0015786541625857353
0.0010172991314902902
0.0011368442792445421
0.0010987956775352359
0.0009822483407333493
0.000909178052097559
0.001274203765206039
0.0007436837768182158
0.0014658498112112284
0.0015806062147021294
0.0009979456663131714
0.0007575433701276779
0.0013673348585143685
0.0010688023176044226
0.0011759897461161017
0.0009055861155502498
0.0016231989720836282
0.0007452517165802419
0.0013591877650469542
0.001223685685545206
0.0009347985032945871
0.0009112371481023729
0.0008142900769598782
0.001091592013835907
0.001115485792979598
0.0011220225133001804
0.002031735610216856
0.0007976206252351403
0.0009438811102882028
0.0008705219952389598
0.0008072825148701668
0.0011412143940106034
0.0018624045187607408
0.001070034340955317
0.0009497822029516101
0.0012827408500015736
0.00091226224321872
0.0008551756618544459
0.0015221878420561552
0.0011325739324092865
0.0010076320031657815
0.0007810092065483332
0.0010014013387262821
0.0011064918944612145
0.000994859030470252
0.0010153050534427166
0.0010141049278900027
0.0013269759947434068
0.000944822677411139
0.0007530359434895217
0.0011164904572069645
0.0010759466094896197
0.0011789954733103514
0.0011808096896857023
0.0008642231114208698
0.0007691096398048103
0.0008955268422141671
0.0019111530855298042
0.0010714479722082615
0.0007796637946739793
0.0015802811831235886
0.001049119746312499
0.001097752247005701
0.0014876702334731817
0.000823327514808625
0.001067943638190627
0.0007835784927010536
0.0007472145953215659
0.0008598324493505061
0.0009980089962482452
0.0014063097769394517
0.0010939743369817734
0.0009382401476614177
0.0012960460735484958
0.0007632918423041701
0.0009255263721570373
0.0009065152844414115
0.0009841738501563668
0.0012614588486030698
0.001085932250134647
0.0009336212533526123
0.0014533540233969688
0.0013348772190511227
0.0008768794941715896
0.0012712819734588265
0.0012703475076705217
0.0011426776181906462
0.001187894376926124
0.001204273896291852
0.0011852289317175746
0.0012953159166499972
0.001561516895890236
0.0008367305272258818
0.001161853433586657
0.0011919440003111959
0.001567402738146484
0.0009852038929238915
0.0009534115670248866
0.0007143911789171398
0.0010143303079530597
0.0010416435543447733
0.0010422051418572664
0.0017615851247683167
0.0012284736149013042
0.0010291436919942498
0.0012689393479377031
0.0012320679379627109
0.0009247451671399176
0.0018396640662103891
0.0021601722110062838
0.0015026022447273135
0.0023789636325091124
0.0010635008802637458
0.0008630822994746268
0.003766467794775963
0.001717720995657146
0.0031725543085485697
0.0028964036609977484
0.0010898871114477515
0.001239024568349123
0.0013486006064340472
0.0011472307378426194
0.0011627828935161233
0.0020296061411499977
0.00184667541179806
0.0020643449388444424
0.0023289336822927
0.002129512606188655
0.0011715707369148731
0.0011931152548640966
0.0012476975098252296
0.0011117421090602875
0.002104363637045026
0.001506806700490415
0.0016216785879805684
0.0013586024288088083
0.0023829839192330837
0.00139088393189013
0.0019605245906859636
0.0012544215423986316
0.0012682655360549688
0.0016583557007834315
0.0010418568272143602
0.004553948994725943
0.0010825046338140965
0.0017298378515988588
0.001368255470879376
0.0015579669270664454
0.0013122769305482507
0.0011831618612632155
0.001212234259583056
0.0015772396000102162
0.0010519034694880247
0.0012746675638481975
0.0008971859933808446
0.0010394328273832798
0.0010985438711941242
0.0012179113691672683
0.0015009620692580938
0.0009966291254386306
0.0011378757189959288
0.0013252953067421913
0.0011945756850764155
0.0021342276595532894
0.0012477389536798
0.0013100324431434274
0.002195540117099881
0.0008438819786533713
0.0016626586439087987
0.002004256471991539
0.0013505341485142708
0.0024007605388760567
0.0012249603169038892
0.0012608711840584874
0.0009721695678308606
0.000954768096562475
0.0009287938009947538
0.0012495460687205195
0.0016595765482634306
0.0011160694994032383
0.0010314182145521045
0.0010946138063445687
0.0012081197928637266
0.0018278681673109531
0.0010878157336264849
0.0018133566481992602
0.0009285379201173782
0.0011685583740472794
0.001667018630541861
0.00080395198892802
0.001506999833509326
0.00119810423348099
0.001320166396908462
0.001576643786393106
0.001039298833347857
0.0013266371097415686
0.001093688071705401
0.0026605839375406504
0.0023000191431492567
0.001021147589199245
0.0008936722297221422
0.000855101621709764
0.0010215918300673366
0.0009381651179865003
0.0009491287637501955
0.0020423245150595903
0.0019226091681048274
0.0018670911667868495
0.0011577208060771227
0.0009405572200194001
0.0010945050744339824
0.0011379154166206717
0.0012457520933821797
0.000969944812823087
0.0008928777533583343
0.001733662560582161
0.0015872587682679296
0.0011442250106483698
0.001208270899951458
0.0007476439932361245
0.0008774082525633276
0.000865285168401897
0.001024678465910256
0.000978600699454546
0.0011252939002588391
0.0009498161380179226
0.001534234848804772
0.0016558753559365869
0.0013256814563646913
0.0019782462622970343
0.0009233648888766766
0.0013493932783603668
0.0008005182025954127
0.0009906217455863953
0.0021731266751885414
0.0008537555695511401
0.0016045869560912251
0.00250024301931262
0.0014457082143053412
0.0009523325716145337
0.0013014684664085507
0.0012008512858301401
0.0009779081447049975
0.0009739212109707296
0.0007600101525895298
0.0007544114487245679
0.0010763349710032344
0.0021971717942506075
0.0011387310223653913
0.0011635528644546866
0.0010144837433472276
0.0011521849082782865
0.0008003143593668938
0.0008161004516296089
0.0012537774164229631
0.00096611661138013
0.0009855862008407712
0.0017540788976475596
0.0008270210819318891
0.001338423346169293
0.000858666782733053
0.0010322935413569212
0.0011092991335317492
0.0007645863806828856
0.0008950793999247253
0.001030790968798101
0.0007930795545689762
0.0008500362746417522
0.001127653638832271
0.0008460578392259777
0.0010059754131361842
0.0011256280122324824
0.0010476758470758796
0.0009568454115651548
0.001011430867947638
0.0015202309004962444
0.0012476053088903427
0.0007876646122895181
0.001176169142127037
0.0024322604294866323
0.0009500972810201347
0.0013278372352942824
0.001008987077511847
0.001101627480238676
0.001555011491291225
0.0008292393176816404
0.0012009586207568645
0.000952939793933183
0.000779677473474294
0.0009245550027117133
0.0010230854386463761
0.0012542910408228636
0.00074500817572698
0.0012675343314185739
0.001186960842460394
0.0007570996531285346
0.0010136938653886318
0.0010446693049743772
0.0009252807358279824
0.000890290888492018
0.0007786842179484665
0.0010611842153593898
0.0006640575593337417
0.0009321497054770589
0.0010218380484730005
0.0009210810530930758
0.0011228412622585893
0.001551589579321444
0.003018856281414628
0.0007999434601515532
0.0008099156548269093
0.0007289243512786925
0.0008813722524791956
0.0029179034754633904
0.0008897929219529033
0.0007983120740391314
0.0007600694079883397
0.001014058361761272
0.0018103884067386389
0.0009417616529390216
0.0019872011616826057
0.0013733775122091174
0.0009015175746753812
0.0007469892734661698
0.0008737649186514318
0.0007578356307931244
0.0007942899246700108
0.0008017094805836678
0.0008781966753304005
0.001404713955707848
0.0009700442315079272
0.0020489515736699104
0.0018613114953041077
0.0008050391916185617
0.0009766319999471307
0.0017178410198539495
0.0007502487860620022
0.0008844597614370286
0.0009861643193289638
0.0008468355517834425
0.0009587890817783773
0.0009541399776935577
0.0008806194528006017
0.0007933250162750483
0.0009173004073090851
0.0014546647435054183
0.0006577612948603928
0.0009568792302161455
0.0009609412518329918
0.0008217812865041196
0.0009055414120666683
0.0010608427692204714
0.001284262165427208
0.0009271035669371486
0.0009124614298343658
0.0012885559117421508
0.001164885819889605
0.0011453437618911266
0.0008549487101845443
0.002019299194216728
0.0012750531313940883
0.0007583284750580788
0.0009599557379260659
0.0010310105280950665
0.0009593932772986591
0.0007818299345672131
0.0009797632228583097
0.0011104795848950744
0.0008449254673905671
0.0010027342941612005
0.0008746173698455095
0.0007801320753060281
0.0009894991526380181
0.000853160279802978
0.0008229850209318101
0.0008819479844532907
0.0016047420212998986
0.000960921635851264
0.001191330375149846
0.001400910085067153
0.0007312208181247115
0.0009233211167156696
0.0013209790922701359
0.0011923465644940734
0.0009591361158527434
0.0008211634703911841
0.000740364077500999
0.0010303929448127747
0.0007509837741963565
0.0011578337289392948
0.0008922556298784912
0.0010512996232137084
0.0007188007584773004
0.0010341994930058718
0.0008392169256694615
0.0010337971616536379
0.0012345716822892427
0.0006788434693589807
0.0008214104454964399
0.0009608823456801474
0.0010477548930794
0.001261878409422934
0.0007125685224309564
0.0019049205584451556
0.0007490823045372963
0.0009191556600853801
0.0014423885149881244
0.0008461576071567833
0.0005784117383882403
0.0013324435567483306
0.0007792630349285901
0.0018743330147117376
0.00112897006329149
0.0009744995040819049
0.0010758051648736
0.0008697299053892493
0.0009553200216032565
0.000870734394993633
0.0006554232095368207
0.0009308345033787191
0.0007700116257183254
0.0020230726804584265
0.0009547043591737747
0.000940484635066241
0.0009952776599675417
0.0007724820752628148
0.0010442027123644948
0.001256775576621294
0.0014032541075721383
0.0008825548575259745
0.0015302646206691861
0.0013994175242260098
0.00099997001234442
0.0007966534467414021
0.0007955387118272483
0.0017558833351358771
0.0011049630120396614
0.0017342393985018134
0.0015832418575882912
0.0011472584446892142
0.0010720266727730632
0.001162385568022728
0.0009693164611235261
0.0014159355778247118
0.0007751231314614415
0.0018153474666178226
0.0012472723610699177
0.0014260922325775027
0.0014648602809756994
0.0010286954930052161
0.005899212323129177
